num <- 1 + 1
dif <- 10 - num

